634
799
133
675
894
388
112
228
745
360
701
566
953
941
106
878
491
874
3
504
378
682
656
466
19
479
614
685
111
99
247
285
833
631
227
15
599
882
360
951
830
234
381
962
34
174
686
111
529
887
122
715
696
298
152
553
803
357
354
447
128
764
175
587
153
330
282
390
680
330
486
788
508
269
409
893
986
873
710
149
677
280
388
537
698
628
295
934
857
520
432
494
989
538
94
269
231
694
873
188
923
993
285
903
498
351
361
645
665
260
594
357
552
155
383
491
491
448
15
56
351
649
849
695
923
864
222
643
545
454
45
819
390
308
52
904
911
70
404
371
479
347
434
850
403
403
255
294
713
432
113
706
494
217
569
116
101
325
508
314
511
138
820
608
190
69
320
363
220
438
489
35
608
556
48
273
486
139
677
90
570
679
301
727
235
290
975
367
722
504
118
389
483
252
802
338
584
573
569
423
799
928
227
249
488
226
301
744
952
878
722
289
892
494
971
353
805
806
632
997
73
59
907
597
921
3
945
922
46
885
222
257
974
179
303
163
245
359
585
49
778
784
465
565
574
430
681
93
239
99
622
357
357
220
630
113
245
956
675
686
622
289
901
891
280
263
620
388
268
632
38
854
282
361
196
985
488
294
827
768
917
196
27
717
355
338
712
147
746
205
200
951
589
612
538
407
249
13
438
345
501
872
128
836
386
191
832
175
976
470
106
332
847
472
974
640
454
421
993
474
165
328
601
725
437
268
629
119
109
873
688
347
644
530
498
912
827
809
508
114
593
368
642
114
935
255
691
582
475
772
53
136
527
87
586
151
138
749
688
780
513
848
631
59
334
443
127
774
28
82
439
725
39
501
128
938
308
821
891
991
791
680
369
389
11
988
643
706
228
595
641
598
646
494
493
531
93
30
829
197
216
187
88
395
100
908
819
161
344
642
922
60
706
548
141
45
617
564
495
696
960
591
974
181
788
543
403
317
652
970
665
862
427
838
651
251
484
315
707
178
282
227
231
754
821
833
161
329
454
781
425
136
832
154
518
814
484
308
711
133
539
212
326
84
980
403
939
462
39
961
439
101
88
988
923
650
771
103
389
264
28
957
388
760
143
969
339
167
358
561
336
294
637
816
680
59
198
57
601
186
436
467
521
132
870
272
778
895
563
922
2
723
297
427
965
60
973
803
427
109
859
67
935
193
466
247
920
734
234
26
65
11
682
860
855
638
637
168
430
401
520
653
876
629
823
977
8
575
924
82
95
313
167
538
59
971
700
425
262
732
983
644
134
888
725
403
342
888
222
597
153
841
555
63
603
865
358
371
623
381
109
5
584
134
955
430
434
678
886
979
976
377
721
433
719
8
120
504
14
750
502
342
735
56
210
46
375
452
255
806
669
844
449
439
602
509
153
902
613
507
336
135
319
711
558
635
830
710
132
228
153
992
135
884
539
643
272
725
430
639
793
718
493
156
642
627
979
200
212
963
841
867
388
753
499
381
5
604
126
735
567
303
974
916
520
487
709
206
719
118
969
384
617
258
697
116
219
787
339
344
473
737
522
463
629
361
100
301
845
654
907
643
638
500
354
822
334
599
45
558
811
876
870
104
868
553
823
136
121
356
172
673
193
172
123
981
214
541
212
257
985
627
914
365
170
523
903
940
222
287
610
52
304
384
738
340
300
317
336
707
959
991
881
721
819
932
33
105
867
607
21
844
655
612
5
928
229
516
292
914
147
164
935
252
905
303
843
279
502
184
814
948
21
807
271
512
225
378
665
454
887
310
689
985
53
714
472
806
549
733
402
260
989
883
263
25
960
574
11
109
344
474
563
634
430
39
958
610
561
229
829
639
688
753
133
778
181
969
584
571
825
825
869
368
915
725
640
694
332
807
801
298
597
213
154
816
543
825
58
81
298
826
131
190
592
119
440
234
445
265
780
547
666
948
924
656
638
16
358
765
723
756
331
307
112
94
898
193
850
80
494
480
355
720
504
661
535
80
228
20
798
927
258
276
114
313
934
545
962
878
131
785
270
954
874
772
674
534
456
320
601
946
340
817
904
43
749
778
559
469
927
839
576
923
687
208
570
43
160
893
390
525
959
249
470
379
263
122
798
299
125
72
979
883
541
757
176
440
570
440
882
851
82
493
879
254
951
615
903
511
679
30
159
256
416
242
546
13
812
793
95
858
812
283
584
414
457
656
394
100
937
927
153
884
199
536
975
125
576
960
996
422
11
368
736
837
928
501
292
273
667
30
839
67
792
942
731
80
788
966
375
962
686
486
710
527
808
808
603
346
580
952
36
991
884
129
149
401
857
42
242
58
200
978
700
853
85
808
13
65
264
666
555
218
4
723
935
867
235
935
402
701
222
469
822
135
422
834
611
379
288
7
791
451
37
948
645
760
410
672
808
747
28
803
120
136
110
172
856
277
466
225
280
754
654
207
947
491
133
983
909
852
697
645
532
723
822
664
332
251
173
385
848
521
153
240
384
471
262
181
582
702
323
471
777
723
326
485
690
898
832
688
111
72
311
301
381
132
671
6
164
966
616
829
149
958
118
893
824
787
937
482
185
725
397
360
76
421
422
877
80
915
373
251
94
485
850
346
21
696
666
674
122
671
618
775
146
873
683
835
631
306
952
518
612
494
807
145
72
233
540
340
696
475
281
48
530
313
205
168
688
137
48
348
391
706
626
874
212
788
315
410
789
640
444
67
821
35
792
341
836
131
830
165
28
332
132
103
426
398
486
810
822
294
671
156
203
990
339
994
459
977
432
759
368
297
509
99
491
975
211
591
228
595
854
851
543
220
548
669
478
29
917
855
589
528
36
53
360
987
241
65
71
985
781
10
132
870
856
355
570
307
998
54
877
859
700
914
263
92
938
693
72
332
145
321
516
108
722
861
968
744
114
11
320
286
470
241
359
705
915
876
340
964
566
4
716
456
925
528
353
662
531
438
804
582
780
672
694
629
405
352
827
892
642
823
610
18
987
773
334
165
851
64
867
304
241
69
519
386
769
203
297
658
476
278
493
189
166
788
520
178
726
394
352
885
23
725
272
62
519
910
957
92
772
453
696
566
561
785
20
414
121
152
263
914
790
913
786
872
333
232
49
385
390
941
633
163
596
12
772
349
911
175
986
871
125
223
304
916
793
418
479
803
357
198
470
808
54
716
148
342
935
114
769
170
716
162
824
938
324
934
848
678
317
211
62
676
257
35
321
75
364
614
547
270
410
398
872
587
514
892
754
656
468
122
827
79
430
47
205
334
442
76
345
607
105
602
515
852
278
953
616
559
295
492
621
628
402
92
754
401
498
136
803
946
913
340
118
888
553
568
383
164
816
767
327
426
215
347
514
197
680
145
130
542
790
164
39
488
514
990
468
566
765
463
804
956
802
523
752
687
724
244
394
312
951
726
24
259
807
680
734
774
940
819
855
309
142
34
794
196
862
498
959
847
175
107
916
5
7
753
470
473
347
436
451
363
640
858
474
207
98
642
602
372
946
742
581
920
329
658
748
897
89
793
69
814
708
413
800
977
38
873
618
764
36
227
941
211
410
586
669
755
186
985
119
11
14
141
529
383
107
108
752
515
582
561
664
17
583
897
217
687
18
775
575
858
991
865
808
904
386
314
992
304
130
446
803
373
752
186
404
637
461
698
38
425
178
400
526
265
274
606
766
540
839
291
839
602
991
217
141
434
291
298
907
276
740
772
380
426
402
835
384
598
817
633
245
562
667
654
396
563
191
307
467
943
939
879
695
502
890
418
439
621
256
822
314
175
924
586
81
449
447
861
148
802
350
288
703
961
726
42
156
246
989
435
735
344
585
447
831
446
371
28
258
343
531
16
426
682
176
966
872
559
449
679
993
482
766
732
447
853
971
185
20
677
175
948
158
191
944
801
264
486
600
322
746
738
681
426
743
833
970
273
707
383
828
500
421
366
671
67
983
747
531
675
734
199
219
249
612
615
163
894
22
290
58
854
293
295
652
560
625
233
265
121
593
931
35
964
300
299
279
218
828
685
486
428
281
875
237
633
196
328
790
898
312
787
530
107
667
484
594
194
691
578
721
526
160
351
645
916
837
519
866
784
248
312
316
862
387
11
823
741
678
227
158
351
896
758
257
69
518
43
257
95
667
207
402
698
927
146
197
97
282
416
740
4
234
729
583
648
94
629
861
539
520
363
512
362
137
902
869
580
1
122
773
170
625
161
534
643
159
455
403
162
918
667
870
310
845
286
640
686
776
506
524
578
532
188
271
851
475
820
361
745
67
209
362
818
747
925
654
3
76
872
214
124
11
373
579
777
640
114
500
452
64
241
334
280
283
72
825
479
936
903
155
184
71
861
499
785
650
375
533
651
334
308
514
282
731
94
319
279
641
152
907
377
944
331
81
562
658
62
992
354
997
299
298
63
654
130
798
484
867
366
858
65
796
230
992
931
428
431
543
217
604
663
599
306
919
845
325
120
831
217
122
798
825
666
433
431
268
586
473
164
712
158
311
702
126
899
598
672
931
802
523
485
772
861
882
661
820
717
772
251
563
66
527
321
771
950
397
622
575
290
833
797
261
105
294
60
87
880
666
583
30
595
150
692
462
185
229
582
354
226
303
114
212
642
95
321
261
618
852
384
87
290
813
159
783
703
148
82
342
509
183
996
677
617
845
860
826
977
559
504
291
403
886
774
153
872
279
408
919
35
614
436
657
839
646
630
283
591
642
385
557
37
709
213
683
963
767
626
718
384
630
719
689
998
706
643
311
605
573
136
561
318
175
958
966
863
861
562
580
763
607
396
427
622
270
892
257
689
497
909
360
811
605
429
974
544
356
356
928
594
968
27
244
232
47
733
567
730
782
473
541
464
648
361
402
854
337
157
134
25
95
300
498
382
648
421
574
514
921
834
186
503
290
625
57
788
419
521
940
311
31
822
148
433
395
493
706
353
742
692
517
665
784
683
430
744
102
148
125
428
259
783
35
238
237
653
353
980
38
648
66
917
655
488
900
117
267
593
652
14
550
556
272
31
938
935
510
103
91
198
750
386
439
931
606
820
58
205
130
80
73
851
188
538
608
342
114
902
411
304
799
675
842
0
943
355
202
577
473
486
604
237
718
780
441
620
343
907
941
657
209
549
883
101
825
202
62
644
43
409
819
718
341
870
880
275
29
358
496
527
454
508
885
810
2
815
917
191
677
841
634
1000
193
441
831
155
88
784
345
677
149
70
988
377
991
112
704
867
259
273
141
155
632
424
494
105
387
860
632
492
515
417
345
625
738
1
989
199
336
3
764
63
449
723
547
355
996
117
80
976
349
17
49
164
123
738
515
160
705
191
499
126
772
971
290
32
368
666
248
87
928
684
109
710
614
455
676
171
512
850
657
619
621
941
83
640
529
301
24
524
11
12
57
737
224
405
990
798
156
507
156
594
653
220
882
169
701
50
169
194
339
790
214
322
138
889
494
581
515
772
610
938
326
186
271
680
147
817
438
560
136
334
275
953
913
577
905
824
812
247
501
873
51
250
377
538
862
569
991
676
109
616
592
824
670
273
532
259
283
386
707
329
10
843
605
782
238
993
544
739
17
32
658
231
106
762
792
648
179
681
383
945
407
552
859
712
688
854
247
720
9
35
556
305
732
826
630
563
479
731
517
461
543
243
28
212
61
198
728
534
700
910
282
515
457
792
948
944
407
325
107
235
222
120
41
949
510
235
892
28
781
904
182
36
706
855
521
267
882
470
407
507
14
381
291
985
705
715
411
793
147
6
669
643
609
275
550
311
108
954
344
56
453
599
79
281
634
98
670
205
218
446
310
878
782
367
143
439
173
132
887
222
624
476
442
275
556
360
598
992
562
876
385
417
585
305
841
854
770
206
159
866
42
769
237
646
209
918
288
384
260
385
673
666
798
21
729
666
80
14
750
267
121
11
959
735
55
748
377
204
360
523
840
754
854
474
489
40
794
230
208
706
165
745
63
152
259
580
563
722
993
86
225
784
80
71
335
93
712
502
979
50
249
563
989
437
606
316
535
115
41
161
255
165
250
946
897
380
296
169
32
127
579
331
455
102
55
590
258
445
86
936
420
53
550
17
494
445
752
564
698
740
782
681
321
347
66
525
425
651
589
883
313
720
601
231
665
179
570
530
435
310
742
525
761
172
715
179
456
710
442
870
180
514
247
383
710
520
575
926
837
863
6
689
874
902
5
485
524
711
672
793
835
718
992
655
541
235
362
986
122
724
675
867
392
323
569
717
578
572
100
562
91
888
149
574
311
271
319
216
283
546
71
707
89
289
521
889
427
446
703
188
327
467
953
943
346
204
789
825
167
612
876
497
571
897
680
589
114
363
5
462
970
429
12
381
762
979
327
388
536
407
953
568
152
87
561
540
278
993
937
39
439
312
73
309
133
494
873
627
480
587
530
880
49
261
305
453
237
522
570
530
569
316
75
629
316
387
205
694
581
940
841
805
273
907
63
858
626
664
64
681
780
285
408
326
699
492
132
477
871
67
994
902
803
125
944
104
23
559
497
452
787
552
832
253
279
393
351
398
759
829
667
533
718
284
30
461
480
964
402
806
323
52
492
399
693
95
665
302
814
763
530
434
729
250
400
149
201
477
577
573
138
849
713
721
317
444
752
92
983
258
416
292
535
931
256
743
154
567
457
876
714
187
722
808
260
73
239
669
490
998
432
35
374
988
725
574
101
855
894
376
967
878
399
276
69
189
159
50
239
80
334
795
610
620
608
803
354
180
351
454
267
600
49
902
469
432
559
384
76
276
920
748
177
660
371
35
731
313
50
461
985
818
600
638
19
124
59
874
179
782
291
742
253
613
243
213
899
460
901
228
951
973
425
191
359
353
927
949
465
115
76
322
684
557
161
77
144
337
184
831
686
567
845
432
560
619
621
928
964
279
941
221
943
407
824
532
857
154
861
545
130
722
216
496
122
630
524
448
442
632
520
832
369
113
323
564
799
861
713
213
585
926
159
907
22
192
593
285
509
559
818
495
197
460
985
928
877
132
519
951
658
373
902
790
799
528
16
466
382
629
7
946
219
846
223
448
401
116
600
584
399
369
185
586
520
345
563
73
959
418
756
239
385
690
114
149
96
767
643
324
331
227
275
868
989
3
240
89
529
681
51
442
425
125
702
5
418
171
631
753
692
363
121
512
71
652
998
763
624
527
681
426
197
2
76
267
865
680
783
522
21
560
906
99
224
649
193
540
57
890
976
873
646
749
482
834
351
662
914
298
604
161
459
177
667
111
916
527
786
239
253
560
166
457
475
84
723
578
29
792
28
125
354
468
287
656
610
189
661
394
730
86
475
251
848
385
675
734
309
274
751
544
860
391
455
212
974
202
512
272
762
28
601
570
649
679
773
660
3
1
214
130
307
463
592
474
761
562
260
869
235
120
813
456
488
570
800
633
806
416
123
708
790
713
777
142
234
36
724
475
209
873
687
365
114
808
975
610
659
281
141
215
387
585
250
750
144
701
326
690
387
337
885
146
263
905
2
731
545
639
411
419
349
41
581
391
5
548
782
97
173
984
36
352
171
818
715
558
156
204
434
171
565
475
548
79
132
844
32
336
581
348
307
878
940
110
45
21
34
901
667
506
726
573
935
528
355
570
854
301
277
242
226
893
802
915
591
123
592
298
657
694
997
500
251
425
709
611
326
24
563
725
59
470
743
471
265
68
322
181
419
784
994
416
88
391
313
591
861
916
110
412
194
316
238
131
909
31
566
468
610
98
635
273
359
491
269
999
66
938
219
489
403
730
811
753
606
633
918
393
158
862
57
535
995
883
999
669
985
276
949
46
18
808
521
590
281
487
694
203
837
470
991
445
183
845
277
412
727
134
926
704
87
212
170
749
963
762
308
316
790
491
384
541
481
936
276
702
583
831
408
295
762
753
749
267
388
6
688
57
705
898
1
77
94
870
374
810
786
962
502
174
159
204
265
530
792
739
252
299
671
837
408
420
453
559
815
125
584
631
345
48
16
707
182
933
626
118
86
604
605
639
880
155
694
997
424
121
685
877
567
669
861
927
119
337
377
831
763
586
36
249
156
411
115
966
304
991
267
860
444
116
997
366
489
132
423
897
580
970
5
263
750
179
535
761
278
230
724
483
953
278
140
194
653
603
239
919
3
403
295
320
672
322
738
540
453
20
793
259
623
906
102
53
362
56
626
868
619
118
527
935
757
971
722
565
95
44
416
588
945
173
776
989
815
901
818
603
730
924
546
694
945
677
401
112
226
727
998
437
372
247
103
256
264
122
47
668
644
975
682
118
532
490
239
293
508
441
22
494
796
180
501
289
929
217
644
769
719
389
671
626
596
961
672
161
508
270
928
871
606
48
245
747
765
766
113
534
227
599
655
700
168
262
185
856
292
773
522
859
884
806
736
625
572
352
154
504
867
270
736
284
90
856
7
129
607
933
505
58
14
806
309
63
780
69
693
94
873
248
265
381
202
84
770
515
324
783
824
437
874
737
343
542
504
872
594
175
552
641
848
370
285
523
342
676
322
621
217
824
710
143
437
518
741
110
702
735
672
447
174
73
206
988
128
565
275
180
618
118
465
312
283
734
151
348
738
439
979
406
94
404
704
323
355
220
656
501
409
304
410
724
707
801
840
850
764
465
991
208
143
722
380
513
384
887
448
491
732
531
786
469
109
98
546
255
456
236
552
824
510
196
12
791
132
110
811
200
626
333
55
295
382
670
800
254
143
583
291
865
562
36
363
124
142
219
544
442
234
787
948
908
940
534
908
360
697
60
649
394
209
382
73
893
630
456
9
247
944
364
325
9
716
886
206
698
323
154
373
715
149
394
837
594
949
972
220
905
599
290
283
307
754
46
921
450
376
765
106
489
209
576
150
403
18
175
902
113
121
70
483
440
521
602
269
280
751
401
762
906
99
840
575
259
828
930
905
251
605
556
373
564
857
793
549
127
367
617
696
250
693
974
159
875
129
47
524
171
54
264
81
59
16
761
494
759
246
270
425
839
703
281
807
580
820
388
637
484
194
801
611
202
864
217
266
286
89
870
591
540
584
409
794
257
758
573
182
148
403
49
500
891
336
907
461
488
608
214
457
454
97
694
130
173
259
173
954
982
854
8
517
475
886
702
441
460
788
813
530
869
241
87
886
313
230
731
719
867
598
251
508
66
355
77
195
578
586
434
455
867
552
985
945
437
713
301
516
354
31
626
820
621
366
683
724
579
383
949
165
653
775
921
597
312
721
740
654
455
885
553
485
159
123
339
531
162
20
882
541
913
373
788
603
371
801
595
533
612
746
630
559
492
568
900
595
21
209
625
658
878
74
887
319
768
57
837
444
216
165
543
462
181
570
449
836
604
185
264
62
692
37
451
15
872
220
414
835
529
508
287
889
708
576
555
882
502
105
114
92
322
767
635
66
432
539
389
381
83
332
189
445
519
896
803
35
679
41
582
589
187
135
158
96
750
318
288
798
435
352
382
814
695
403
607
917
493
37
980
884
637
767
345
729
539
629
22
143
497
789
305
363
351
866
514
324
699
919
883
128
785
500
174
399
334
100
914
848
940
583
223
909
664
803
288
220
918
508
167
197
47
615
106
880
417
241
287
543
556
580
340
849
175
460
512
460
947
12
521
119
640
889
30
142
266
12
801
792
455
689
189
793
652
238
669
215
265
31
932
1000
217
555
590
975
534
140
918
696
276
997
464
767
108
66
259
506
527
691
84
933
301
58
630
658
373
588
635
505
868
208
517
224
182
491
340
452
847
127
638
549
152
369
58
693
505
626
555
33
292
741
611
951
46
655
429
290
118
338
767
295
95
673
983
554
8
560
772
983
552
754
972
860
983
62
617
248
672
7
159
339
240
429
559
1
15
267
543
644
10
357
36
949
179
366
560
841
643
701
1000
742
989
162
961
341
327
194
664
729
437
523
67
383
211
953
562
790
884
440
369
119
115
335
173
396
192
650
728
651
920
918
155
676
776
884
651
858
720
239
792
793
288
785
634
487
24
407
254
542
14
590
457
750
730
661
395
843
406
256
299
596
506
748
57
73
639
304
200
112
683
828
358
539
42
589
235
77
176
645
342
508
567
641
57
732
649
188
879
784
447
342
936
106
145
756
503
479
930
539
618
141
596
624
881
902
795
35
274
450
2
624
815
354
757
47
246
969
984
979
268
558
331
121
808
173
474
438
108
550
287
743
791
530
176
193
132
157
299
310
44
125
192
405
745
335
407
891
850
422
721
709
553
586
87
923
596
907
65
757
304
897
374
675
184
195
574
49
538
85
151
142
563
888
316
253
722
201
980
461
9
278
157
796
448
111
59
394
36
230
964
425
715
552
291
288
128
22
545
717
325
549
30
352
544
88
24
284
170
671
434
275
204
389
27
773
581
755
472
941
217
543
129
244
149
107
137
348
756
711
31
489
85
929
672
621
928
116
895
828
27
977
893
786
434
5
929
488
639
599
301
327
384
949
630
634
496
104
353
602
339
905
276
70
134
734
432
121
922
814
819
978
115
970
462
273
587
94
543
52
817
780
902
482
665
240
37
598
994
794
143
576
510
601
27
733
36
188
415
629
666
825
616
955
741
469
766
839
608
590
890
760
694
756
477
907
844
853
421
872
471
89
628
679
73
209
137
384
65
767
958
453
674
501
97
617
816
311
323
392
924
917
839
764
279
244
869
384
247
356
763
513
237
595
720
226
142
490
614
99
842
261
1
976
302
761
385
303
805
69
370
501
570
733
190
600
194
455
326
831
211
113
153
476
38
652
52
480
111
314
449
847
168
333
656
546
386
845
961
514
673
757
195
486
26
362
347
516
468
344
778
992
300
80
296
344
218
733
313
69
833
839
20
821
494
980
444
2
414
285
370
708
663
902
592
900
114
504
349
116
917
370
946
132
807
991
157
148
952
196
561
953
165
819
276
362
184
967
144
372
910
306
350
132
402
267
952
583
667
681
901
505
66
536
942
229
706
158
353
538
580
28
902
300
482
606
633
974
369
859
606
133
804
212
108
952
504
236
688
794
635
7
303
731
75
284
89
533
291
101
869
625
738
639
867
685
235
910
691
5
845
284
925
560
387
551
999
900
960
837
177
273
931
530
684
177
663
282
950
950
749
358
359
443
558
384
861
732
532
643
106
877
349
291
66
865
104
450
726
123
304
443
786
967
440
610
205
219
810
254
172
695
264
453
286
530
220
537
746
175
324
843
344
979
258
801
745
567
721
507
572
337
905
89
721
466
971
113
683
987
763
379
614
620
584
279
126
720
920
614
208
758
452
